557959 4869420
558028 4869122
558106 4869097
557989 4869004
558630 4868964
558630 4868964
558157 4868941
558070 4868904
560037 4868120
558092 4868872
558115 4868871
558152 4868843
557959 4868811
558158 4868795
557546 4868884
557897 4868664
558011 4868669
558126 4868680
558403 4868699
557556 4868603
557565 4868579
557563 4868556
557759 4868486
557727 4868586
557821 4868553
558250 4868618
558265 4868606
558295 4868619
558280 4868436
558296 4868424
558315 4868428
559334 4868454
559315 4868481
559383 4868528
559542 4868547
559567 4868494
559648 4868331
559541 4868326
560075 4868322
558424 4868055
559897 4868054
559912 4868093
560037 4868120
560306 4868123
560480 4868102
560458 4868084
560487 4868062
560322 4868051
558345 4867990
558574 4867955
559636 4868008
559650 4867941
558574 4867955
559940 4867954
558449 4867892
558333 4867843
558425 4867802
558449 4867892
558525 4867743
558463 4867619
559636 4868008
558463 4867619
558473 4867557
558627 4867557
558746 4867567
558665 4867525
558772 4867533
558655 4867479
558851 4867270
558721 4867282
558549 4867297
558517 4867238
558265 4867231
558133 4867302
558287 4867297
558389 4867395
558782 4867432
557856 4867488
558139 4867488
558298 4867744
558159 4867768
558198 4867844
557806 4868003
557678 4868246
